sale_id,date_key,product_id,customer_id,store_id,quantity_sold,total_amount
1001,2025-03-23,1,101,30,3,2999.97
1002,2025-02-01,2,102,30,1,199.99
1003,2025-03-28,5,101,30,4,239.96
1004,2025-01-05,1,101,10,2,1999.98
1005,2025-03-06,5,101,30,2,119.98
1006,2025-04-02,5,104,10,4,239.96
1007,2025-03-17,3,101,10,4,199.96
1008,2025-02-13,3,102,10,3,149.97
1009,2025-01-14,1,104,10,3,2999.97
1010,2025-02-14,5,103,10,4,239.96
1011,2025-03-10,1,104,10,5,4999.95
1012,2025-02-07,5,103,30,2,119.98
1013,2025-04-01,1,101,30,2,1999.98
1014,2025-04-09,3,101,10,1,49.99
1015,2025-02-18,3,104,30,3,149.97
1016,2025-01-21,3,103,10,3,149.97
1017,2025-03-31,1,105,30,2,1999.98
1018,2025-03-10,2,102,20,4,799.96
1019,2025-02-04,5,102,30,3,179.97
1020,2025-04-09,1,102,10,3,2999.97
1021,2025-02-21,3,101,10,5,249.95
1022,2025-04-02,3,102,30,4,199.96
1023,2025-02-20,4,102,20,2,159.98
1024,2025-02-01,5,105,20,5,299.95
1025,2025-02-24,5,104,20,2,119.98
1026,2025-01-18,5,104,10,1,59.99
1027,2025-01-15,2,102,30,4,799.96
1028,2025-03-18,1,104,20,5,4999.95
1029,2025-03-01,5,103,30,1,59.99
1030,2025-03-29,1,105,20,3,2999.97
1031,2025-01-15,3,104,10,4,199.96
1032,2025-01-01,3,105,10,5,249.95
1033,2025-01-14,3,105,30,2,99.98
1034,2025-01-20,3,102,30,5,249.95
1035,2025-01-01,5,103,20,1,59.99
1036,2025-01-15,3,103,10,1,49.99
1037,2025-01-31,5,101,10,4,239.96
1038,2025-01-09,5,102,10,4,239.96
1039,2025-03-12,2,103,30,5,999.95
1040,2025-02-24,2,105,30,2,399.98
1041,2025-04-02,3,104,30,3,149.97
1042,2025-02-26,5,104,10,2,119.98
1043,2025-01-29,1,103,10,5,4999.95
1044,2025-03-12,2,105,10,1,199.99
1045,2025-01-10,1,102,10,1,999.99
1046,2025-02-12,1,105,10,3,2999.97
1047,2025-03-27,4,102,30,2,159.98
1048,2025-04-03,5,105,20,2,119.98
1049,2025-03-02,4,102,10,1,79.99
1050,2025-03-26,4,103,20,4,319.96
1051,2025-03-01,1,101,10,4,3999.96
1052,2025-04-04,3,101,10,2,99.98
1053,2025-01-25,5,104,10,4,239.96
1054,2025-01-24,3,104,10,1,49.99
1055,2025-02-26,5,101,10,5,299.95
1056,2025-01-02,1,102,10,4,3999.96
1057,2025-03-04,4,102,20,1,79.99
1058,2025-01-22,4,101,20,3,239.97
1059,2025-02-28,3,104,30,5,249.95
1060,2025-03-26,4,102,10,3,239.97
1061,2025-01-28,1,105,30,5,4999.95
1062,2025-01-08,3,101,10,5,249.95
1063,2025-03-03,5,105,10,1,59.99
1064,2025-03-07,1,102,10,5,4999.95
1065,2025-01-09,2,104,10,5,999.95
1066,2025-02-01,5,105,10,5,299.95
1067,2025-01-11,4,105,30,5,399.95
1068,2025-02-10,3,102,30,3,149.97
1069,2025-01-31,3,104,10,3,149.97
1070,2025-02-28,3,101,10,4,199.96
1071,2025-03-21,5,101,10,5,299.95
1072,2025-01-28,5,103,10,3,179.97
1073,2025-01-09,2,103,20,2,399.98
1074,2025-02-26,5,103,30,5,299.95
1075,2025-01-02,5,103,30,1,59.99
1076,2025-01-18,3,101,10,5,249.95
1077,2025-01-20,3,103,30,2,99.98
1078,2025-04-02,3,102,30,3,149.97
1079,2025-03-06,4,103,10,1,79.99
1080,2025-03-23,4,103,10,1,79.99
1081,2025-02-12,2,103,10,4,799.96
1082,2025-03-12,4,105,10,1,79.99
1083,2025-01-10,2,105,10,3,599.97
1084,2025-03-16,5,102,20,2,119.98
1085,2025-01-06,3,103,10,3,149.97
1086,2025-01-27,2,101,20,5,999.95
1087,2025-02-22,5,102,10,2,119.98
1088,2025-01-23,4,101,10,3,239.97
1089,2025-02-22,2,103,10,1,199.99
1090,2025-02-18,1,104,10,2,1999.98
1091,2025-02-28,3,103,10,2,99.98
1092,2025-01-04,2,104,20,3,599.97
1093,2025-01-09,3,103,30,5,249.95
1094,2025-02-21,5,103,10,1,59.99
1095,2025-02-03,2,105,20,1,199.99
1096,2025-01-14,5,104,20,3,179.97
1097,2025-02-25,5,105,10,4,239.96
1098,2025-03-15,2,103,10,4,799.96
1099,2025-01-01,5,105,30,2,119.98
1100,2025-02-16,4,101,30,3,239.97
1101,2025-03-21,3,101,30,3,149.97
1102,2025-03-06,3,104,20,4,199.96
1103,2025-03-31,3,105,10,2,99.98
1104,2025-02-23,4,102,30,5,399.95
1105,2025-02-08,4,105,10,3,239.97
1106,2025-02-06,2,104,30,5,999.95
1107,2025-03-25,3,104,20,4,199.96
1108,2025-03-28,2,105,20,2,399.98
1109,2025-03-26,1,103,30,5,4999.95
1110,2025-02-12,1,102,30,3,2999.97
1111,2025-01-29,2,102,10,1,199.99
1112,2025-02-01,4,105,10,4,319.96
1113,2025-02-23,5,102,30,4,239.96
1114,2025-03-05,4,102,10,1,79.99
1115,2025-04-07,1,104,10,2,1999.98
1116,2025-03-31,5,104,10,5,299.95
1117,2025-02-01,1,104,10,4,3999.96
1118,2025-03-27,5,105,30,3,179.97
1119,2025-04-07,4,105,30,5,399.95
1120,2025-02-24,5,104,10,4,239.96
1121,2025-02-27,3,102,30,3,149.97
1122,2025-04-09,5,104,30,2,119.98
1123,2025-02-05,4,101,30,3,239.97
1124,2025-01-31,3,103,20,5,249.95
1125,2025-01-11,2,102,10,4,799.96
1126,2025-03-30,2,102,10,4,799.96
1127,2025-02-22,3,105,20,4,199.96
1128,2025-01-08,2,104,20,5,999.95
1129,2025-03-31,1,105,20,4,3999.96
1130,2025-01-01,3,103,20,4,199.96
1131,2025-03-10,5,105,10,4,239.96
1132,2025-01-29,3,104,20,1,49.99
1133,2025-02-19,3,104,30,2,99.98
1134,2025-03-01,2,105,30,1,199.99
1135,2025-02-20,5,105,30,1,59.99
1136,2025-01-11,4,102,20,2,159.98
1137,2025-01-07,3,104,20,2,99.98
1138,2025-02-28,3,103,20,3,149.97
1139,2025-04-07,4,103,10,4,319.96
1140,2025-01-03,5,101,20,2,119.98
1141,2025-03-25,1,101,10,2,1999.98
1142,2025-01-26,1,105,10,2,1999.98
1143,2025-01-17,4,101,30,2,159.98
1144,2025-03-01,3,103,10,5,249.95
1145,2025-03-19,1,102,20,1,999.99
1146,2025-03-16,1,103,30,4,3999.96
1147,2025-02-20,2,101,30,2,399.98
1148,2025-01-14,3,105,10,5,249.95
1149,2025-01-06,3,105,20,3,149.97
1150,2025-01-09,5,103,10,4,239.96
1151,2025-03-04,1,104,20,4,3999.96
1152,2025-04-01,2,104,10,5,999.95
1153,2025-03-25,3,105,30,4,199.96
1154,2025-03-01,4,105,20,3,239.97
1155,2025-02-01,1,103,20,2,1999.98
1156,2025-04-07,4,105,30,4,319.96
1157,2025-02-13,1,104,20,2,1999.98
1158,2025-03-04,2,103,20,3,599.97
1159,2025-02-05,5,103,30,1,59.99
1160,2025-03-08,2,101,10,4,799.96
1161,2025-03-04,5,102,30,4,239.96
1162,2025-03-24,4,104,10,1,79.99
1163,2025-02-07,2,104,30,2,399.98
1164,2025-02-09,5,103,20,5,299.95
1165,2025-03-09,3,104,30,5,249.95
1166,2025-02-12,3,104,20,3,149.97
1167,2025-02-02,2,101,30,2,399.98
1168,2025-02-10,1,105,30,2,1999.98
1169,2025-01-25,2,104,20,5,999.95
1170,2025-04-08,5,105,20,1,59.99
1171,2025-01-25,3,102,20,2,99.98
1172,2025-02-08,1,105,10,3,2999.97
1173,2025-01-06,1,105,20,2,1999.98
1174,2025-03-23,4,101,10,5,399.95
1175,2025-02-06,4,104,20,3,239.97
1176,2025-01-24,1,103,20,1,999.99
1177,2025-01-09,4,104,10,5,399.95
1178,2025-03-22,1,102,10,5,4999.95
1179,2025-02-08,1,102,10,5,4999.95
1180,2025-04-08,4,105,30,5,399.95
1181,2025-01-29,5,104,20,4,239.96
1182,2025-02-08,5,104,20,5,299.95
1183,2025-03-21,1,105,30,1,999.99
1184,2025-04-08,2,102,20,1,199.99
1185,2025-01-21,2,102,30,1,199.99
1186,2025-01-21,1,104,20,5,4999.95
1187,2025-03-02,3,101,10,3,149.97
1188,2025-04-01,3,104,10,2,99.98
1189,2025-02-03,5,102,20,1,59.99
1190,2025-03-11,2,102,20,2,399.98
1191,2025-01-10,1,102,20,5,4999.95
1192,2025-04-06,5,103,20,1,59.99
1193,2025-03-01,3,104,20,5,249.95
1194,2025-03-11,4,104,10,5,399.95
1195,2025-01-06,4,103,30,3,239.97
1196,2025-01-04,1,102,30,5,4999.95
1197,2025-03-17,1,103,30,1,999.99
1198,2025-04-08,2,104,30,4,799.96
1199,2025-02-05,2,105,20,4,799.96
1200,2025-01-12,4,103,20,3,239.97
1201,2025-02-11,1,102,20,4,3999.96
1202,2025-03-30,4,103,30,4,319.96
1203,2025-04-08,5,101,20,1,59.99
1204,2025-02-10,3,103,10,4,199.96
1205,2025-03-07,1,105,20,4,3999.96
1206,2025-01-07,2,105,20,5,999.95
1207,2025-04-07,4,104,10,2,159.98
1208,2025-02-04,5,102,20,4,239.96
1209,2025-03-31,4,101,10,5,399.95
1210,2025-01-31,2,103,30,1,199.99
1211,2025-03-12,4,101,10,1,79.99
1212,2025-03-01,1,102,20,3,2999.97
1213,2025-03-07,3,104,20,4,199.96
1214,2025-02-01,4,105,10,4,319.96
1215,2025-01-25,5,105,30,2,119.98
1216,2025-01-09,3,104,20,5,249.95
1217,2025-02-04,1,103,30,3,2999.97
1218,2025-03-17,5,104,10,4,239.96
1219,2025-03-10,4,103,20,5,399.95
1220,2025-04-08,5,104,20,3,179.97
1221,2025-01-25,2,105,20,2,399.98
1222,2025-04-10,4,101,20,4,319.96
1223,2025-04-01,4,104,30,2,159.98
1224,2025-03-05,1,102,30,5,4999.95
1225,2025-02-12,1,104,10,5,4999.95
1226,2025-02-28,1,102,20,2,1999.98
1227,2025-01-10,4,103,20,5,399.95
1228,2025-03-30,4,101,20,5,399.95
1229,2025-02-18,3,104,30,1,49.99
1230,2025-03-21,1,102,30,3,2999.97
1231,2025-01-30,1,104,10,1,999.99
1232,2025-02-26,2,103,10,1,199.99
1233,2025-02-11,1,103,20,3,2999.97
1234,2025-02-25,2,102,30,4,799.96
1235,2025-03-14,2,102,10,1,199.99
1236,2025-03-20,4,105,30,2,159.98
1237,2025-03-05,5,102,10,4,239.96
1238,2025-03-23,3,104,20,1,49.99
1239,2025-03-01,3,105,10,1,49.99
1240,2025-02-26,3,105,20,4,199.96
1241,2025-03-30,3,104,20,2,99.98
1242,2025-02-19,4,101,10,4,319.96
1243,2025-03-15,3,105,20,3,149.97
1244,2025-01-03,4,103,10,5,399.95
1245,2025-03-29,1,105,30,4,3999.96
1246,2025-02-06,2,105,20,2,399.98
1247,2025-03-23,2,105,20,2,399.98
1248,2025-03-22,1,101,20,4,3999.96
1249,2025-01-05,5,103,30,2,119.98
1250,2025-01-12,3,103,30,4,199.96
1251,2025-01-23,2,102,30,3,599.97
1252,2025-03-09,5,103,10,3,179.97
1253,2025-03-03,3,103,10,4,199.96
1254,2025-01-10,2,102,30,4,799.96
1255,2025-03-13,3,101,20,1,49.99
1256,2025-02-03,5,101,20,3,179.97
1257,2025-03-28,3,105,20,3,149.97
1258,2025-01-14,2,104,10,5,999.95
1259,2025-03-13,3,105,10,1,49.99
1260,2025-03-23,4,103,30,4,319.96
1261,2025-01-15,2,101,10,3,599.97
1262,2025-03-05,1,101,10,5,4999.95
1263,2025-01-18,4,104,20,5,399.95
1264,2025-02-23,5,102,20,1,59.99
1265,2025-03-04,5,104,20,1,59.99
1266,2025-03-30,3,102,20,4,199.96
1267,2025-01-31,3,101,30,3,149.97
1268,2025-03-11,3,101,20,3,149.97
1269,2025-01-25,1,104,10,2,1999.98
1270,2025-03-24,5,101,10,3,179.97
1271,2025-02-01,2,105,10,1,199.99
1272,2025-04-08,5,102,30,2,119.98
1273,2025-01-30,3,102,30,1,49.99
1274,2025-02-05,2,102,30,3,599.97
1275,2025-01-23,1,101,10,1,999.99
1276,2025-02-15,2,105,20,1,199.99
1277,2025-01-23,3,101,10,4,199.96
1278,2025-03-09,1,101,20,4,3999.96
1279,2025-04-10,3,105,30,1,49.99
1280,2025-02-27,5,102,30,1,59.99
1281,2025-04-04,5,103,20,1,59.99
1282,2025-01-08,4,104,20,1,79.99
1283,2025-03-04,4,101,10,3,239.97
1284,2025-03-19,2,101,10,3,599.97
1285,2025-03-21,5,105,30,3,179.97
1286,2025-02-18,5,105,20,4,239.96
1287,2025-03-06,5,104,10,1,59.99
1288,2025-03-25,5,102,20,4,239.96
1289,2025-01-30,4,103,20,4,319.96
1290,2025-02-23,1,103,20,3,2999.97
1291,2025-03-27,3,103,10,4,199.96
1292,2025-01-09,1,101,10,4,3999.96
1293,2025-01-13,3,102,30,1,49.99
1294,2025-03-17,5,105,20,1,59.99
1295,2025-02-22,3,104,30,1,49.99
1296,2025-02-06,5,103,20,1,59.99
1297,2025-03-15,5,102,10,4,239.96
1298,2025-01-29,1,103,30,3,2999.97
1299,2025-01-15,3,105,10,4,199.96
1300,2025-03-13,5,105,30,5,299.95
1301,2025-01-04,5,103,10,2,119.98
1302,2025-02-04,3,103,20,1,49.99
1303,2025-01-24,2,105,30,4,799.96
1304,2025-01-09,2,101,10,5,999.95
1305,2025-01-28,4,104,20,3,239.97
1306,2025-01-21,3,103,30,3,149.97
1307,2025-04-10,5,105,10,1,59.99
1308,2025-01-20,2,105,10,1,199.99
1309,2025-02-04,4,104,20,5,399.95
1310,2025-02-26,4,103,10,5,399.95
1311,2025-01-15,3,104,10,3,149.97
1312,2025-03-28,5,104,30,3,179.97
1313,2025-01-06,2,104,30,1,199.99
1314,2025-01-01,2,103,10,2,399.98
1315,2025-04-08,3,103,20,1,49.99
1316,2025-01-01,4,104,10,2,159.98
1317,2025-02-18,5,102,30,5,299.95
1318,2025-03-27,3,101,20,1,49.99
1319,2025-02-25,1,104,10,3,2999.97
1320,2025-03-15,4,105,20,4,319.96
1321,2025-02-07,1,104,10,3,2999.97
1322,2025-01-22,5,104,30,3,179.97
1323,2025-01-12,4,101,10,4,319.96
1324,2025-03-17,4,105,10,4,319.96
1325,2025-02-09,3,102,20,2,99.98
1326,2025-01-10,5,101,30,5,299.95
1327,2025-01-25,3,103,30,2,99.98
1328,2025-01-31,1,102,20,2,1999.98
1329,2025-01-23,5,102,30,1,59.99
1330,2025-01-23,4,104,30,5,399.95
1331,2025-02-27,5,105,20,3,179.97
1332,2025-01-20,4,101,20,4,319.96
1333,2025-03-22,3,103,30,1,49.99
1334,2025-02-15,5,101,20,4,239.96
1335,2025-02-27,1,101,20,3,2999.97
1336,2025-01-10,1,105,30,5,4999.95
1337,2025-02-19,4,105,30,1,79.99
1338,2025-02-27,5,102,20,5,299.95
1339,2025-03-02,5,102,10,4,239.96
1340,2025-01-14,3,101,30,2,99.98
1341,2025-01-06,2,104,20,5,999.95
1342,2025-03-08,5,102,20,3,179.97
1343,2025-02-06,4,104,20,5,399.95
1344,2025-01-07,3,101,20,1,49.99
1345,2025-03-13,4,103,20,5,399.95
1346,2025-01-20,3,101,30,2,99.98
1347,2025-02-14,3,104,10,5,249.95
1348,2025-04-01,1,103,30,4,3999.96
1349,2025-03-24,3,102,30,5,249.95
1350,2025-01-12,4,105,20,1,79.99
1351,2025-02-16,3,102,10,3,149.97
1352,2025-04-09,4,102,10,2,159.98
1353,2025-01-20,1,103,10,5,4999.95
1354,2025-04-09,5,105,10,3,179.97
1355,2025-04-09,5,102,30,4,239.96
1356,2025-01-20,2,102,30,5,999.95
1357,2025-01-22,4,101,20,3,239.97
1358,2025-03-28,2,104,30,3,599.97
1359,2025-04-07,4,102,30,2,159.98
1360,2025-02-09,4,102,20,5,399.95
1361,2025-02-26,4,103,20,5,399.95
1362,2025-03-09,4,102,10,5,399.95
1363,2025-01-18,3,101,30,4,199.96
1364,2025-02-17,5,101,30,5,299.95
1365,2025-01-16,3,101,10,3,149.97
1366,2025-02-27,5,102,20,1,59.99
1367,2025-01-29,4,103,10,4,319.96
1368,2025-01-07,4,105,20,2,159.98
1369,2025-02-19,1,103,10,1,999.99
1370,2025-02-10,1,103,10,2,1999.98
1371,2025-01-05,3,104,30,2,99.98
1372,2025-04-08,4,104,30,1,79.99
1373,2025-01-11,1,103,10,2,1999.98
1374,2025-03-12,5,105,20,1,59.99
1375,2025-04-10,3,102,20,1,49.99
1376,2025-01-07,2,104,30,5,999.95
1377,2025-02-28,1,101,20,5,4999.95
1378,2025-03-10,1,105,30,2,1999.98
1379,2025-04-02,2,103,20,1,199.99
1380,2025-03-20,3,102,30,4,199.96
1381,2025-01-24,1,105,20,1,999.99
1382,2025-03-09,5,105,30,5,299.95
1383,2025-01-03,4,104,10,4,319.96
1384,2025-02-17,3,101,20,1,49.99
1385,2025-02-14,2,101,30,3,599.97
1386,2025-01-18,1,103,30,3,2999.97
1387,2025-03-24,2,104,30,4,799.96
1388,2025-03-22,2,102,10,4,799.96
1389,2025-01-05,3,102,10,2,99.98
1390,2025-01-06,3,103,30,4,199.96
1391,2025-03-11,4,103,10,2,159.98
1392,2025-02-06,3,101,30,3,149.97
1393,2025-02-04,1,103,20,4,3999.96
1394,2025-04-06,4,104,20,2,159.98
1395,2025-03-05,4,103,30,3,239.97
1396,2025-01-11,4,101,20,5,399.95
1397,2025-01-24,5,103,20,1,59.99
1398,2025-01-11,3,103,20,4,199.96
1399,2025-03-19,4,102,30,4,319.96
1400,2025-02-14,4,101,30,3,239.97
1401,2025-03-20,4,103,30,1,79.99
1402,2025-01-10,4,103,30,2,159.98
1403,2025-01-04,2,105,30,4,799.96
1404,2025-01-05,2,101,10,3,599.97
1405,2025-02-16,4,105,10,5,399.95
1406,2025-01-20,4,103,20,4,319.96
1407,2025-04-08,1,105,10,5,4999.95
1408,2025-02-16,4,103,30,3,239.97
1409,2025-02-01,1,101,30,2,1999.98
1410,2025-03-05,5,104,30,1,59.99
1411,2025-02-03,3,104,10,5,249.95
1412,2025-02-06,4,102,10,2,159.98
1413,2025-01-10,4,102,30,4,319.96
1414,2025-01-12,3,103,30,1,49.99
1415,2025-03-12,5,103,20,2,119.98
1416,2025-04-02,2,103,30,2,399.98
1417,2025-01-16,2,102,10,4,799.96
1418,2025-01-04,3,105,30,3,149.97
1419,2025-03-01,5,102,30,1,59.99
1420,2025-01-09,3,104,30,4,199.96
1421,2025-03-09,4,104,30,1,79.99
1422,2025-01-17,3,101,20,4,199.96
1423,2025-03-29,5,103,10,5,299.95
1424,2025-03-23,5,102,10,4,239.96
1425,2025-03-06,1,101,30,2,1999.98
1426,2025-02-08,2,102,20,2,399.98
1427,2025-02-14,5,103,10,3,179.97
1428,2025-01-26,5,103,10,3,179.97
1429,2025-03-20,5,101,30,2,119.98
1430,2025-03-17,5,102,10,5,299.95
1431,2025-04-03,5,103,30,1,59.99
1432,2025-01-04,1,101,30,5,4999.95
1433,2025-02-03,2,105,20,5,999.95
1434,2025-03-23,1,104,30,5,4999.95
1435,2025-02-07,3,104,10,4,199.96
1436,2025-02-08,4,101,30,1,79.99
1437,2025-01-21,4,104,20,4,319.96
1438,2025-01-27,3,105,10,3,149.97
1439,2025-04-02,3,103,20,2,99.98
1440,2025-04-08,3,105,30,1,49.99
1441,2025-02-10,2,104,10,3,599.97
1442,2025-02-27,2,102,10,1,199.99
1443,2025-02-07,4,105,20,2,159.98
1444,2025-01-21,3,105,30,3,149.97
1445,2025-01-25,2,104,30,4,799.96
1446,2025-03-05,3,104,10,1,49.99
1447,2025-02-20,5,104,10,2,119.98
1448,2025-03-16,3,101,10,3,149.97
1449,2025-03-05,5,104,20,5,299.95
1450,2025-01-02,1,104,10,3,2999.97
1451,2025-04-04,3,104,20,1,49.99
1452,2025-02-21,1,105,30,2,1999.98
1453,2025-02-16,5,103,10,4,239.96
1454,2025-03-06,4,105,20,5,399.95
1455,2025-03-29,5,101,10,1,59.99
1456,2025-02-20,3,103,30,3,149.97
1457,2025-04-07,2,102,30,5,999.95
1458,2025-02-21,5,101,10,1,59.99
1459,2025-01-18,3,104,30,4,199.96
1460,2025-01-20,5,105,10,3,179.97
1461,2025-03-20,3,102,20,5,249.95
1462,2025-04-05,3,105,20,5,249.95
1463,2025-03-07,5,104,30,5,299.95
1464,2025-02-08,4,101,20,3,239.97
1465,2025-03-28,1,104,30,3,2999.97
1466,2025-04-03,1,105,20,3,2999.97
1467,2025-03-25,5,105,10,1,59.99
1468,2025-03-16,4,102,30,5,399.95
1469,2025-04-10,4,102,30,2,159.98
1470,2025-01-05,5,101,10,1,59.99
1471,2025-02-26,3,104,10,4,199.96
1472,2025-03-30,2,104,30,5,999.95
1473,2025-03-02,1,102,30,2,1999.98
1474,2025-03-13,3,104,30,4,199.96
1475,2025-02-10,2,104,30,3,599.97
1476,2025-03-11,3,103,30,4,199.96
1477,2025-01-25,2,103,30,3,599.97
1478,2025-01-29,3,103,30,2,99.98
1479,2025-03-30,4,103,20,3,239.97
1480,2025-03-13,3,103,10,5,249.95
1481,2025-03-28,5,104,20,3,179.97
1482,2025-04-09,2,103,10,3,599.97
1483,2025-04-02,1,103,20,3,2999.97
1484,2025-04-06,4,102,10,5,399.95
1485,2025-02-04,5,103,10,1,59.99
1486,2025-03-20,5,102,10,1,59.99
1487,2025-03-27,5,102,30,2,119.98
1488,2025-01-07,1,104,20,4,3999.96
1489,2025-01-13,2,101,30,2,399.98
1490,2025-02-22,4,104,30,2,159.98
1491,2025-04-07,3,103,20,1,49.99
1492,2025-04-09,1,105,10,5,4999.95
1493,2025-04-05,1,102,20,2,1999.98
1494,2025-01-05,4,104,10,3,239.97
1495,2025-01-05,1,103,30,5,4999.95
1496,2025-01-14,3,103,20,5,249.95
1497,2025-03-09,4,102,30,4,319.96
1498,2025-02-04,2,101,20,2,399.98
1499,2025-04-04,4,103,30,2,159.98
1500,2025-01-02,3,103,30,2,99.98
1501,2025-01-23,5,104,20,5,299.95
1502,2025-02-11,1,104,30,1,999.99
1503,2025-01-24,2,104,20,2,399.98
1504,2025-01-01,3,104,10,4,199.96
1505,2025-04-07,3,103,20,5,249.95
1506,2025-04-03,5,101,20,3,179.97
1507,2025-03-30,2,101,30,1,199.99
1508,2025-03-01,3,102,20,5,249.95
1509,2025-04-01,3,101,30,3,149.97
1510,2025-02-17,5,102,10,2,119.98
1511,2025-03-03,2,104,30,5,999.95
1512,2025-02-17,4,105,20,5,399.95
1513,2025-03-27,2,102,30,5,999.95
1514,2025-01-11,5,104,30,3,179.97
1515,2025-01-10,5,101,10,5,299.95
1516,2025-03-06,2,105,30,2,399.98
1517,2025-01-22,3,105,20,1,49.99
1518,2025-03-29,2,105,20,1,199.99
1519,2025-03-07,4,101,20,2,159.98
1520,2025-03-07,4,104,30,1,79.99
1521,2025-03-13,4,103,30,1,79.99
1522,2025-02-20,3,101,30,2,99.98
1523,2025-03-16,1,101,20,3,2999.97
1524,2025-03-31,1,105,10,1,999.99
1525,2025-03-02,1,103,20,2,1999.98
1526,2025-04-09,2,104,20,4,799.96
1527,2025-02-27,4,104,10,5,399.95
1528,2025-01-18,3,101,10,5,249.95
1529,2025-02-20,5,102,30,2,119.98
1530,2025-01-01,1,103,20,5,4999.95
1531,2025-02-24,5,104,10,2,119.98
1532,2025-02-28,3,102,20,2,99.98
1533,2025-04-03,1,101,30,4,3999.96
1534,2025-03-20,1,102,10,1,999.99
1535,2025-01-13,5,101,20,5,299.95
1536,2025-03-28,1,102,30,1,999.99
1537,2025-02-21,4,102,30,2,159.98
1538,2025-04-07,1,102,30,3,2999.97
1539,2025-01-30,5,103,30,5,299.95
1540,2025-04-09,3,102,20,2,99.98
1541,2025-03-26,5,102,20,3,179.97
1542,2025-02-05,1,105,30,2,1999.98
1543,2025-03-22,4,105,20,1,79.99
1544,2025-02-14,4,105,20,4,319.96
1545,2025-02-22,2,103,20,2,399.98
1546,2025-04-07,5,104,10,2,119.98
1547,2025-02-08,2,104,10,5,999.95
1548,2025-02-22,4,105,30,2,159.98
1549,2025-02-19,2,103,10,3,599.97
1550,2025-03-24,1,104,20,1,999.99
1551,2025-03-10,2,101,20,4,799.96
1552,2025-03-28,5,105,10,1,59.99
1553,2025-01-25,5,105,10,4,239.96
1554,2025-01-27,3,103,10,2,99.98
1555,2025-01-25,1,104,10,5,4999.95
1556,2025-04-01,2,104,10,5,999.95
1557,2025-02-11,3,104,20,5,249.95
1558,2025-03-25,3,103,20,3,149.97
1559,2025-03-07,4,104,10,4,319.96
1560,2025-04-08,3,102,20,3,149.97
1561,2025-02-22,1,105,10,2,1999.98
1562,2025-01-03,3,105,30,5,249.95
1563,2025-04-03,4,103,10,2,159.98
1564,2025-02-12,2,104,30,2,399.98
1565,2025-03-05,5,103,20,4,239.96
1566,2025-04-03,4,104,10,3,239.97
1567,2025-01-22,2,105,20,2,399.98
1568,2025-03-11,1,105,10,1,999.99
1569,2025-03-27,1,101,20,2,1999.98
1570,2025-03-22,2,101,30,2,399.98
1571,2025-01-02,2,105,20,3,599.97
1572,2025-01-08,5,105,20,4,239.96
1573,2025-01-03,1,105,30,4,3999.96
1574,2025-01-02,1,105,30,3,2999.97
1575,2025-03-10,3,101,30,4,199.96
1576,2025-01-23,1,101,30,2,1999.98
1577,2025-01-31,2,105,30,3,599.97
1578,2025-02-15,3,104,10,3,149.97
1579,2025-02-21,4,105,10,2,159.98
1580,2025-02-08,1,101,10,4,3999.96
1581,2025-02-18,4,105,20,1,79.99
1582,2025-03-23,1,102,10,4,3999.96
1583,2025-02-25,3,105,10,5,249.95
1584,2025-01-06,2,102,30,5,999.95
1585,2025-03-02,3,101,10,3,149.97
1586,2025-03-11,5,101,10,3,179.97
1587,2025-01-03,2,105,10,4,799.96
1588,2025-01-10,3,102,30,2,99.98
1589,2025-03-14,4,105,20,4,319.96
1590,2025-04-07,2,101,30,3,599.97
1591,2025-01-07,1,104,10,1,999.99
1592,2025-02-13,5,105,30,4,239.96
1593,2025-04-10,3,101,30,3,149.97
1594,2025-02-27,4,102,20,5,399.95
1595,2025-02-18,4,102,30,5,399.95
1596,2025-03-26,4,101,30,3,239.97
1597,2025-02-01,1,101,20,2,1999.98
1598,2025-02-18,2,104,20,3,599.97
1599,2025-01-14,1,101,20,4,3999.96
1600,2025-02-16,3,101,10,1,49.99
1601,2025-01-24,4,104,30,5,399.95
1602,2025-03-07,4,101,10,1,79.99
1603,2025-02-15,5,101,30,5,299.95
1604,2025-02-11,4,101,20,4,319.96
1605,2025-02-19,1,105,10,5,4999.95
1606,2025-03-08,2,104,10,2,399.98
1607,2025-02-04,3,103,20,2,99.98
1608,2025-01-09,2,104,20,4,799.96
1609,2025-02-08,4,101,20,3,239.97
1610,2025-02-01,4,105,30,2,159.98
1611,2025-02-28,1,102,20,1,999.99
1612,2025-02-20,3,105,20,3,149.97
1613,2025-02-26,3,104,30,5,249.95
1614,2025-01-18,3,103,30,2,99.98
1615,2025-03-03,3,102,20,3,149.97
1616,2025-02-07,4,105,10,3,239.97
1617,2025-02-18,3,104,20,1,49.99
1618,2025-03-14,2,105,30,2,399.98
1619,2025-03-29,5,101,30,4,239.96
1620,2025-04-01,2,104,20,1,199.99
1621,2025-02-22,4,102,30,3,239.97
1622,2025-01-31,3,102,30,4,199.96
1623,2025-02-18,1,104,30,4,3999.96
1624,2025-03-16,4,105,30,4,319.96
1625,2025-03-11,1,103,30,5,4999.95
1626,2025-03-18,1,101,10,3,2999.97
1627,2025-01-22,5,101,30,4,239.96
1628,2025-04-07,3,104,10,1,49.99
1629,2025-01-13,3,102,30,5,249.95
1630,2025-03-13,5,105,10,4,239.96
1631,2025-02-17,4,104,30,5,399.95
1632,2025-03-30,5,102,20,1,59.99
1633,2025-03-03,1,103,20,1,999.99
1634,2025-01-15,2,103,20,3,599.97
1635,2025-02-28,2,105,20,3,599.97
1636,2025-03-02,1,104,30,4,3999.96
1637,2025-02-10,1,103,10,1,999.99
1638,2025-01-03,3,101,30,2,99.98
1639,2025-04-05,2,105,10,5,999.95
1640,2025-01-21,3,105,20,4,199.96
1641,2025-01-30,4,102,10,4,319.96
1642,2025-02-20,1,105,10,4,3999.96
1643,2025-03-17,4,104,10,2,159.98
1644,2025-01-27,3,101,30,1,49.99
1645,2025-03-10,2,103,20,2,399.98
1646,2025-02-28,1,103,30,4,3999.96
1647,2025-03-09,3,105,20,5,249.95
1648,2025-02-20,5,101,20,3,179.97
1649,2025-02-28,5,102,30,3,179.97
1650,2025-03-20,5,101,30,2,119.98
1651,2025-02-10,1,102,20,1,999.99
1652,2025-01-24,3,102,30,4,199.96
1653,2025-02-23,5,102,30,4,239.96
1654,2025-02-24,2,104,30,5,999.95
1655,2025-03-30,2,105,10,4,799.96
1656,2025-02-06,2,102,20,4,799.96
1657,2025-03-21,1,103,10,4,3999.96
1658,2025-01-18,2,104,30,5,999.95
1659,2025-03-25,4,104,30,4,319.96
1660,2025-02-23,4,104,10,1,79.99
1661,2025-03-14,1,102,20,1,999.99
1662,2025-02-05,2,105,20,2,399.98
1663,2025-04-10,4,105,30,4,319.96
1664,2025-03-12,5,101,30,1,59.99
1665,2025-02-04,5,103,30,1,59.99
1666,2025-04-08,4,105,10,4,319.96
1667,2025-01-14,2,103,10,4,799.96
1668,2025-02-03,3,101,20,1,49.99
1669,2025-04-10,2,102,30,5,999.95
1670,2025-03-30,3,105,30,4,199.96
1671,2025-01-22,5,102,10,2,119.98
1672,2025-01-08,5,103,30,3,179.97
1673,2025-03-18,5,102,20,3,179.97
1674,2025-02-07,5,103,30,1,59.99
1675,2025-01-18,4,101,20,2,159.98
1676,2025-03-31,2,102,10,3,599.97
1677,2025-02-01,4,104,10,5,399.95
1678,2025-03-22,3,104,20,4,199.96
1679,2025-01-10,1,104,30,3,2999.97
1680,2025-03-30,3,104,20,3,149.97
1681,2025-03-16,1,101,30,4,3999.96
1682,2025-03-23,3,101,30,4,199.96
1683,2025-01-28,4,102,20,3,239.97
1684,2025-02-11,3,103,30,5,249.95
1685,2025-01-17,5,104,20,1,59.99
1686,2025-01-06,1,104,10,1,999.99
1687,2025-01-21,4,104,10,4,319.96
1688,2025-01-26,2,103,10,3,599.97
1689,2025-01-12,3,103,10,3,149.97
1690,2025-03-27,2,101,20,3,599.97
1691,2025-04-03,2,104,30,1,199.99
1692,2025-04-01,1,101,10,4,3999.96
1693,2025-01-10,2,105,10,5,999.95
1694,2025-03-29,4,101,10,3,239.97
1695,2025-01-16,4,102,20,1,79.99
1696,2025-01-30,4,101,30,1,79.99
1697,2025-01-14,3,103,20,2,99.98
1698,2025-02-18,2,102,10,5,999.95
1699,2025-03-14,1,105,30,2,1999.98
1700,2025-02-26,3,102,30,2,99.98
1701,2025-02-22,5,104,10,1,59.99
1702,2025-01-13,2,101,30,4,799.96
1703,2025-02-14,4,103,10,2,159.98
1704,2025-02-05,1,102,30,5,4999.95
1705,2025-03-18,5,103,30,1,59.99
1706,2025-03-26,3,102,30,5,249.95
1707,2025-03-07,2,104,20,1,199.99
1708,2025-01-31,4,104,10,2,159.98
1709,2025-03-05,5,101,30,1,59.99
1710,2025-02-16,3,102,20,5,249.95
1711,2025-02-23,3,105,30,2,99.98
1712,2025-04-08,4,101,10,5,399.95
1713,2025-01-09,1,103,10,1,999.99
1714,2025-01-08,4,105,20,5,399.95
1715,2025-04-09,4,104,30,4,319.96
1716,2025-01-11,5,105,30,2,119.98
1717,2025-02-05,1,103,10,5,4999.95
1718,2025-01-27,2,105,20,4,799.96
1719,2025-03-17,1,103,30,4,3999.96
1720,2025-04-04,2,101,10,1,199.99
1721,2025-02-25,1,104,30,5,4999.95
1722,2025-01-08,3,102,10,1,49.99
1723,2025-04-01,2,101,10,4,799.96
1724,2025-02-14,5,105,30,3,179.97
1725,2025-01-22,3,102,30,3,149.97
1726,2025-04-04,1,101,20,4,3999.96
1727,2025-02-04,5,101,20,5,299.95
1728,2025-03-22,1,104,20,5,4999.95
1729,2025-02-16,1,104,30,2,1999.98
1730,2025-02-17,2,103,10,5,999.95
1731,2025-03-28,1,102,30,5,4999.95
1732,2025-01-01,1,101,10,1,999.99
1733,2025-03-02,3,104,10,2,99.98
1734,2025-01-05,5,104,10,3,179.97
1735,2025-02-01,4,103,20,1,79.99
1736,2025-03-15,3,101,30,1,49.99
1737,2025-01-23,2,105,10,4,799.96
1738,2025-01-09,4,103,20,3,239.97
1739,2025-01-12,5,104,10,3,179.97
1740,2025-01-26,3,105,20,5,249.95
1741,2025-02-01,4,103,30,4,319.96
1742,2025-04-09,2,105,10,2,399.98
1743,2025-01-01,4,101,10,5,399.95
1744,2025-02-14,1,103,10,4,3999.96
1745,2025-04-05,3,101,10,5,249.95
1746,2025-01-31,4,104,10,2,159.98
1747,2025-04-02,3,101,10,2,99.98
1748,2025-03-08,4,103,20,1,79.99
1749,2025-03-16,1,105,10,4,3999.96
1750,2025-01-10,5,105,10,4,239.96
1751,2025-03-26,2,102,20,3,599.97
1752,2025-02-10,4,103,20,4,319.96
1753,2025-02-04,2,101,10,2,399.98
1754,2025-04-10,5,101,10,1,59.99
1755,2025-01-22,4,104,20,4,319.96
1756,2025-01-16,5,103,10,4,239.96
1757,2025-02-09,4,103,10,1,79.99
1758,2025-01-21,3,105,10,2,99.98
1759,2025-02-11,2,101,30,2,399.98
1760,2025-02-15,4,105,10,3,239.97
1761,2025-02-03,2,101,20,4,799.96
1762,2025-03-13,5,102,10,4,239.96
1763,2025-01-14,2,101,10,1,199.99
1764,2025-04-10,2,102,10,4,799.96
1765,2025-02-17,1,105,30,3,2999.97
1766,2025-01-10,1,101,10,4,3999.96
1767,2025-01-17,1,103,10,1,999.99
1768,2025-03-01,1,102,30,4,3999.96
1769,2025-04-03,4,104,10,4,319.96
1770,2025-03-29,4,102,20,2,159.98
1771,2025-01-24,3,103,20,2,99.98
1772,2025-01-05,5,105,30,2,119.98
1773,2025-03-24,3,104,20,5,249.95
1774,2025-03-03,1,101,20,4,3999.96
1775,2025-01-18,4,102,30,5,399.95
1776,2025-02-01,5,101,20,3,179.97
1777,2025-03-03,5,104,20,5,299.95
1778,2025-03-06,3,104,20,2,99.98
1779,2025-01-04,3,105,10,1,49.99
1780,2025-04-10,3,101,20,5,249.95
1781,2025-02-15,5,102,10,1,59.99
1782,2025-02-01,2,103,30,1,199.99
1783,2025-04-08,2,105,20,3,599.97
1784,2025-01-23,2,102,30,3,599.97
1785,2025-04-05,3,105,10,3,149.97
1786,2025-03-14,5,102,30,2,119.98
1787,2025-03-05,5,103,10,4,239.96
1788,2025-01-05,1,101,10,5,4999.95
1789,2025-01-29,1,105,20,1,999.99
1790,2025-02-12,5,102,10,3,179.97
1791,2025-04-02,2,103,10,1,199.99
1792,2025-01-19,5,102,10,5,299.95
1793,2025-02-16,1,103,30,4,3999.96
1794,2025-03-17,1,103,20,3,2999.97
1795,2025-01-18,2,104,30,4,799.96
1796,2025-03-25,3,102,30,5,249.95
1797,2025-03-30,5,103,10,5,299.95
1798,2025-01-23,4,103,30,3,239.97
1799,2025-01-17,2,101,30,5,999.95
1800,2025-02-20,5,101,10,5,299.95
1801,2025-02-10,5,102,30,5,299.95
1802,2025-01-14,4,102,20,1,79.99
1803,2025-01-31,3,103,10,1,49.99
1804,2025-04-01,3,104,10,3,149.97
1805,2025-01-27,2,101,20,3,599.97
1806,2025-01-14,1,101,20,4,3999.96
1807,2025-04-04,4,102,20,4,319.96
1808,2025-02-18,3,105,20,1,49.99
1809,2025-03-03,5,102,10,4,239.96
1810,2025-01-10,1,103,10,3,2999.97
1811,2025-02-03,1,101,20,2,1999.98
1812,2025-02-18,2,101,30,1,199.99
1813,2025-02-13,5,105,20,1,59.99
1814,2025-02-25,2,105,20,2,399.98
1815,2025-01-07,1,103,10,2,1999.98
1816,2025-02-22,5,105,20,3,179.97
1817,2025-02-08,2,101,10,4,799.96
1818,2025-03-15,5,104,10,1,59.99
1819,2025-02-16,1,104,10,3,2999.97
1820,2025-03-26,5,104,10,1,59.99
1821,2025-01-04,2,102,30,3,599.97
1822,2025-01-11,4,101,20,4,319.96
1823,2025-03-02,4,103,10,5,399.95
1824,2025-02-19,2,103,20,3,599.97
1825,2025-01-24,4,101,20,4,319.96
1826,2025-03-01,3,102,20,5,249.95
1827,2025-01-08,2,101,10,3,599.97
1828,2025-03-11,4,105,10,5,399.95
1829,2025-01-08,4,105,20,5,399.95
1830,2025-03-29,4,105,10,4,319.96
1831,2025-02-08,1,104,30,1,999.99
1832,2025-03-06,5,105,30,5,299.95
1833,2025-01-19,1,104,10,2,1999.98
1834,2025-01-28,2,102,10,4,799.96
1835,2025-01-11,4,102,30,2,159.98
1836,2025-03-18,3,103,30,1,49.99
1837,2025-01-12,4,105,20,5,399.95
1838,2025-02-11,3,105,20,1,49.99
1839,2025-03-31,5,105,30,4,239.96
1840,2025-01-15,4,102,10,5,399.95
1841,2025-03-17,5,101,10,5,299.95
1842,2025-04-10,1,103,30,3,2999.97
1843,2025-02-22,3,104,30,4,199.96
1844,2025-03-15,5,104,10,2,119.98
1845,2025-02-05,4,102,30,5,399.95
1846,2025-03-29,4,101,20,3,239.97
1847,2025-03-30,2,101,30,4,799.96
1848,2025-02-04,3,101,20,3,149.97
1849,2025-02-09,3,104,30,1,49.99
1850,2025-01-30,2,103,30,4,799.96
1851,2025-04-10,3,103,30,4,199.96
1852,2025-03-19,1,102,20,2,1999.98
1853,2025-02-22,4,105,20,1,79.99
1854,2025-03-07,2,101,20,5,999.95
1855,2025-02-21,2,105,30,1,199.99
1856,2025-01-23,2,102,10,2,399.98
1857,2025-01-05,4,101,20,2,159.98
1858,2025-02-05,3,104,30,4,199.96
1859,2025-03-23,1,101,10,3,2999.97
1860,2025-03-04,5,104,10,4,239.96
1861,2025-03-17,5,103,20,2,119.98
1862,2025-02-03,1,103,10,4,3999.96
1863,2025-01-07,2,105,10,2,399.98
1864,2025-03-24,2,102,20,4,799.96
1865,2025-03-07,1,101,20,2,1999.98
1866,2025-03-24,2,105,10,2,399.98
1867,2025-02-02,5,103,30,3,179.97
1868,2025-02-24,4,103,20,3,239.97
1869,2025-01-28,4,103,30,5,399.95
1870,2025-03-21,4,105,10,1,79.99
1871,2025-03-07,3,105,30,5,249.95
1872,2025-03-19,3,103,30,1,49.99
1873,2025-03-03,1,103,20,3,2999.97
1874,2025-02-05,3,103,10,2,99.98
1875,2025-03-08,2,101,30,4,799.96
1876,2025-03-26,3,102,30,1,49.99
1877,2025-03-25,4,103,20,4,319.96
1878,2025-02-21,4,101,30,5,399.95
1879,2025-01-25,3,102,30,5,249.95
1880,2025-03-23,4,103,30,3,239.97
1881,2025-01-22,5,102,20,1,59.99
1882,2025-03-02,2,103,30,5,999.95
1883,2025-04-08,2,103,30,1,199.99
1884,2025-01-29,3,102,30,3,149.97
1885,2025-02-23,3,103,20,5,249.95
1886,2025-02-07,4,101,20,1,79.99
1887,2025-03-23,5,105,30,1,59.99
1888,2025-03-02,2,105,10,4,799.96
1889,2025-03-09,3,104,10,2,99.98
1890,2025-01-18,2,103,20,5,999.95
1891,2025-02-28,2,103,30,2,399.98
1892,2025-04-10,1,104,20,2,1999.98
1893,2025-02-10,1,101,20,3,2999.97
1894,2025-01-27,2,105,10,4,799.96
1895,2025-04-08,1,102,30,4,3999.96
1896,2025-03-23,4,104,20,4,319.96
1897,2025-02-19,1,101,30,2,1999.98
1898,2025-04-04,3,101,20,5,249.95
1899,2025-01-25,1,101,30,2,1999.98
1900,2025-01-29,3,103,10,1,49.99
1901,2025-02-19,5,105,20,2,119.98
1902,2025-01-09,1,103,20,4,3999.96
1903,2025-04-04,5,105,30,3,179.97
1904,2025-02-25,2,103,20,3,599.97
1905,2025-04-07,2,102,20,1,199.99
1906,2025-01-30,2,102,10,1,199.99
1907,2025-03-17,5,102,10,3,179.97
1908,2025-04-02,1,104,30,3,2999.97
1909,2025-04-09,5,105,10,5,299.95
1910,2025-01-07,1,101,10,1,999.99
1911,2025-02-23,4,104,10,5,399.95
1912,2025-02-02,4,102,10,1,79.99
1913,2025-02-08,4,101,30,5,399.95
1914,2025-02-04,5,105,30,2,119.98
1915,2025-02-23,1,105,30,5,4999.95
1916,2025-01-16,3,101,10,4,199.96
1917,2025-01-26,5,102,20,5,299.95
1918,2025-01-26,3,104,20,2,99.98
1919,2025-01-06,5,104,10,4,239.96
1920,2025-02-12,2,101,10,1,199.99
1921,2025-01-15,5,104,10,1,59.99
1922,2025-04-10,5,101,30,1,59.99
1923,2025-02-02,2,104,20,3,599.97
1924,2025-03-01,1,101,10,1,999.99
1925,2025-02-07,3,103,20,1,49.99
1926,2025-01-13,1,101,10,2,1999.98
1927,2025-02-12,3,104,30,3,149.97
1928,2025-04-04,1,103,20,2,1999.98
1929,2025-01-15,4,104,20,3,239.97
1930,2025-02-19,4,104,30,2,159.98
1931,2025-01-15,2,101,10,1,199.99
1932,2025-02-23,5,104,30,4,239.96
1933,2025-01-24,5,104,20,5,299.95
1934,2025-01-04,2,104,20,1,199.99
1935,2025-02-22,4,101,10,3,239.97
1936,2025-03-25,3,101,30,5,249.95
1937,2025-04-09,5,105,10,3,179.97
1938,2025-03-08,5,105,10,4,239.96
1939,2025-03-26,2,104,20,4,799.96
1940,2025-01-20,5,105,10,1,59.99
1941,2025-03-24,2,105,20,4,799.96
1942,2025-01-22,1,104,20,2,1999.98
1943,2025-02-12,3,101,30,2,99.98
1944,2025-03-12,4,104,10,1,79.99
1945,2025-02-28,4,105,20,1,79.99
1946,2025-03-05,4,103,10,4,319.96
1947,2025-04-06,1,101,20,4,3999.96
1948,2025-01-05,5,105,10,1,59.99
1949,2025-03-19,5,103,30,5,299.95
1950,2025-01-27,4,103,20,1,79.99
1951,2025-01-29,4,103,30,5,399.95
1952,2025-03-18,4,103,30,4,319.96
1953,2025-01-15,1,102,10,3,2999.97
1954,2025-02-15,3,105,30,3,149.97
1955,2025-03-31,1,101,10,4,3999.96
1956,2025-01-18,4,101,20,5,399.95
1957,2025-01-26,2,101,20,2,399.98
1958,2025-02-28,2,103,10,4,799.96
1959,2025-01-06,5,101,20,4,239.96
1960,2025-03-26,5,105,10,4,239.96
1961,2025-01-01,5,101,30,4,239.96
1962,2025-03-16,4,105,10,5,399.95
1963,2025-01-23,2,101,20,5,999.95
1964,2025-03-19,3,105,20,4,199.96
1965,2025-03-19,2,103,20,3,599.97
1966,2025-02-07,4,102,10,4,319.96
1967,2025-03-19,5,103,30,5,299.95
1968,2025-02-10,5,102,10,2,119.98
1969,2025-03-21,3,103,30,2,99.98
1970,2025-04-01,2,105,30,3,599.97
1971,2025-04-01,1,103,30,4,3999.96
1972,2025-03-16,5,104,30,5,299.95
1973,2025-02-06,4,101,30,1,79.99
1974,2025-01-04,4,102,10,1,79.99
1975,2025-01-26,3,102,20,3,149.97
1976,2025-01-19,1,103,10,5,4999.95
1977,2025-01-05,3,104,10,5,249.95
1978,2025-03-28,5,102,30,5,299.95
1979,2025-02-19,2,105,30,3,599.97
1980,2025-03-30,1,104,20,4,3999.96
1981,2025-03-29,3,105,10,1,49.99
1982,2025-04-06,3,102,30,4,199.96
1983,2025-01-29,3,105,30,5,249.95
1984,2025-01-26,2,103,20,2,399.98
1985,2025-03-29,1,102,10,5,4999.95
1986,2025-01-16,4,101,20,3,239.97
1987,2025-03-13,3,102,10,5,249.95
1988,2025-02-02,1,103,20,2,1999.98
1989,2025-01-06,2,103,30,1,199.99
1990,2025-04-10,5,103,20,5,299.95
1991,2025-03-12,3,101,30,3,149.97
1992,2025-03-09,2,102,30,1,199.99
1993,2025-03-06,2,104,30,5,999.95
1994,2025-02-21,1,103,10,2,1999.98
1995,2025-03-26,3,103,20,3,149.97
1996,2025-01-28,5,105,20,5,299.95
1997,2025-04-07,1,101,30,3,2999.97
1998,2025-02-27,2,105,30,2,399.98
1999,2025-01-06,3,104,10,4,199.96
2000,2025-02-02,5,103,10,5,299.95
